$ANSIBLE_VAULT;1.1;AES256
64666136323437386465353739623964623231323532643238353333666232656335633931643263
3131303333396336633963623761383839396263346662390a383563613166373661346332353632
34323631656565653931313930633933316538313263343364393162303236633937383136616133
3164343666366134330a326163363539376338326232313431326562643438653131386461626532
66366333333034383938303062616438376163623664316365653933366337306132313464366663
65616564386433636330313738663839643466393534346365653764383833633563303033623539
30326438363835623166383963303661626332383733383030303365656666613732613934356237
30336536383737643830346136373831336564313361383366353139313131633934386435346364
31646562346461623365313263613563303339343338643335356132666133353836353665636164
63313932323932313163623633346164613432323736663163613063346633633737643565623163
37363837623638626336346663393738643831396234643138333561323131353562633761616631
64313734363663643861393736313261616365626136303135383861373564633730643337326564
34316365323830656538343064346364343034663630393461323636646438396465383639336332
35643035316539393135366331303237346365373439653865656635363438363163353538653532
35633235333232663130366130626235663536303165363737306638396263643262643463623932
39313039306261363361666366306462623865633061346337396530323232326166306434663765
66383661373161656363623330376339333062333439326435373537393765383432353338376330
33653566326233643664376361373862613466616131366431633037623762643566653039343363
63613638363333326265623363373039356538386231383935643962396531383263633534393232
62343630363938376461663664373430343866613634626566393537343539346134393837626261
37333036393432353361623362373336616133666137653966333136643239343330396534666439
34313830633032353463323833306166303565343364333338356565656633396336373062386233
30353635353766636664393831636564643534643032326266316566613135383930323735343831
36323634343038383563396565323261613639303332666337643432333065613335633039376530
6233
