$ANSIBLE_VAULT;1.1;AES256
33643533303930313034323866636661623865616563333261313034383364303266353938386239
3435613163396263633936373133373730316339613132610a663464373736363331643565636566
34616232633535663036613737656433326337353665666164343430343737336137663837383633
6637366530316563370a353564346533383437376563376262643832323463623237356561636331
30303363363138383936303330633834636430336165373563666431643033633864386332623235
38353738326264323363346161643263376162363764353766313861376363633966356630366238
61623261363537356666396330333737643864636536643034653863356333646133346634313465
31663264663438653061323837616636386432616138613733326537356335613136636630333563
35376463373032643662663361363637376235313633626131323130356632363162613632376238
36613162643935636136623737376233633234383436303638386262663366373530633030366136
39343861343538346337376239303564653563343663316336353737303732383833393931373130
38363439333666386537373832653866356630643533666165666235633530663861336634656431
6634
