$ANSIBLE_VAULT;1.1;AES256
34373631323433316262366130343236343536316433363038336230623766653562666361633437
6166613135343066636639353665653663623136386633320a653238363065303735333462366465
37373762396665303238623166376365383536626464373765653962393664323365363661303932
6530656466386436650a643439393132343638623536316363633966353530383237613461623433
62343732643534333361346539313338663030313632366237386265376337396366613830326335
30326430313166363363386163343334363737306439613233366130343333366564313364366638
34336335663537313762326263656265373563636432306162343665383235356563376663353932
32336262646533303266633766306232663636313230363938353536373439643064623532643762
39306131303761353332386238373134353930346665303666356537653863383630303835383631
36393962663031636638393931373537663434303337326436363539636238396463613263366133
30636135613265633033363133613661643564333264383361343138636662353163653330363461
66373234633665336435353235643662343730303765316663313339626331376132393734316332
65343635633036623631613633613138653565353236623732313436663764393737343638383339
64353666613532646634633932303631313230333765373466646463316232656662386632343233
37386533393235303065633436333635643566636233343566323661313266373930356339646633
61336230326164383138666161393163363030303037393833326165313634373131343134393630
65623133653231356137373336626563376236633831633465646434396136386363666237386435
36623537636138316536646263663762336537636361306233613934633263353631356235303634
66376464666163373332623966366335636462623938653566333665313832303439336430383066
35363565656439313434313932666437353662346262666632343764303637323563353737353764
62326564333131336263656561346235303365663932646433383764313130653633623532356463
3338333338636163323436303465353239653830626463306463
