$ANSIBLE_VAULT;1.1;AES256
31333133323763373662346235653637353165633539653861343630623437366231373166393336
3931623463393539323532356134343063623061343936350a656438656238336461366334396639
61396239306232316562313938306235656634346663393335646139646464346263653464313163
6262396664373562350a333766373338346162306561623665376233323561653563616434336463
61323431636361383437643361303330656136393331633131346166646339383237376334626364
39396639646530643534396436393132633437323137613638383962323461613333363462306261
39303830663062373766323534663437386466323636643431653766353364376462383066363363
64313132653732623230343465313537643264656639613262386538653238376336653836386132
37656338373964613964323837323433303761646462613235316330306336643863343962616365
35343134313439623764636461373961643762666163623135343565333039326436313665306562
35316336333064386564386562383935623661356331393765613930383839373332363464313331
65633430366464306164
